TypeData
Vel
R[kpc]  	dR[kpc]   	V[km/s_or_km^2/s^2] 	dV[km/s_or_km^2/s^2] 	MembershipProba 	RA[deg] 	Dec[deg]
1.0839e-05      1.2974e-07 	-91.747553   		2.420340   		1.000000 		322.493027  	12.166945
1.5876e-05      1.9004e-07 -117.158712   2.630795   1.000000 322.492993  12.167067
1.8739e-05      2.2430e-07 -119.393135   2.339770   1.000000 322.493043  12.167098
1.9862e-05      2.3775e-07 -105.254646   6.039059   1.000000 322.492984  12.166913
2.2689e-05      2.7159e-07 -100.237519   3.269587   1.000000 322.493159  12.167019
2.4197e-05      2.8964e-07 -91.441247  10.402788   1.000000 322.493018  12.167124
2.4210e-05      2.8979e-07 -96.855906   3.689656   1.000000 322.492966  12.167102
2.4354e-05      2.9152e-07 -128.239137   5.592146   1.000000 322.492917  12.167027
2.7341e-05      3.2728e-07 -127.849754   1.082281   1.000000 322.493180  12.167036
2.7858e-05      3.3346e-07 -118.249243   1.698139   1.000000 322.493187  12.167011
2.8476e-05      3.4085e-07 -78.096063   7.017056   1.000000 322.492893  12.166986
2.9938e-05      3.5836e-07 -103.872754   0.434915   1.000000 322.492938  12.166882
3.0810e-05      3.6879e-07 -110.936285   5.195760   1.000000 322.493060  12.166840
3.1442e-05      3.7636e-07 -109.960502   0.851301   1.000000 322.493178  12.167092
3.2887e-05      3.9366e-07 -97.041039   5.292116   1.000000 322.493213  12.166980
3.3318e-05      3.9882e-07 -114.969124   2.358680   1.000000 322.493095  12.167166
3.3898e-05      4.0576e-07 -85.889063   5.814532   1.000000 322.493177  12.167115
3.3963e-05      4.0654e-07 -128.833802   5.334124   1.000000 322.493031  12.167177
3.5271e-05      4.2220e-07 -126.141914   6.691372   1.000000 322.492868  12.167062
3.6557e-05      4.3759e-07 -109.200819   2.148749   1.000000 322.492928  12.166846
3.6833e-05      4.4090e-07 -102.446936   4.148008   1.000000 322.492899  12.167129
3.8035e-05      4.5528e-07 -118.955217   9.637904   1.000000 322.492847  12.167042
4.1841e-05      5.0084e-07 -109.789676   9.285407   1.000000 322.492964  12.167205
4.4226e-05      5.2939e-07 -82.786854   0.598684   1.000000 322.492929  12.167202
4.7322e-05      5.6645e-07 -114.624507  14.366477   1.000000 322.492911  12.166790
4.7648e-05      5.7034e-07 -102.968872   5.325447   1.000000 322.492879  12.166811
4.8911e-05      5.8546e-07 -108.698650   4.278936   1.000000 322.493023  12.167255
5.2386e-05      6.2706e-07 -114.392503   9.434664   1.000000 322.492778  12.167075
5.2828e-05      6.3236e-07 -98.443886   5.346284   1.000000 322.493262  12.166833
5.2946e-05      6.3376e-07 -101.717194  13.437707   1.000000 322.492787  12.167110
5.3100e-05      6.3561e-07 -88.167186   6.680977   1.000000 322.492777  12.166914
5.3517e-05      6.4060e-07 -91.117619   9.908907   1.000000 322.493281  12.167145
5.4257e-05      6.4946e-07 -78.520844   7.837331   1.000000 322.492758  12.167018
5.4443e-05      6.5169e-07 -108.126043   1.603682   1.000000 322.493239  12.167206
5.5629e-05      6.6588e-07 -128.483828  14.872342   1.000000 322.493061  12.166709
5.8542e-05      7.0075e-07 -142.610770   6.046919   1.000000 322.492796  12.167183
6.1495e-05      7.3610e-07 -103.729787   5.859051   1.000000 322.492833  12.166755
6.4337e-05      7.7011e-07 -116.154986   4.069145   1.000000 322.492934  12.166681
6.4846e-05      7.7621e-07 -97.248009   2.817733   1.000000 322.492702  12.166999
6.6708e-05      7.9849e-07 -98.902627   4.683037   1.000000 322.492805  12.166743
6.8368e-05      8.1836e-07 -135.290421  10.051003   1.000000 322.493038  12.166642
6.8849e-05      8.2412e-07 -103.887679  10.408787   1.000000 322.492853  12.167307
6.8900e-05      8.2473e-07 -106.855558   4.695767   1.000000 322.492869  12.167317
6.9061e-05      8.2667e-07 -108.454595   4.834214   1.000000 322.492709  12.167140
6.9208e-05      8.2842e-07 -71.815295   6.748783   1.000000 322.493318  12.166766
6.9371e-05      8.3037e-07 -90.494417   5.300059   1.000000 322.492768  12.167239
6.9739e-05      8.3478e-07 -109.610809   2.414781   1.000000 322.492714  12.166838
7.0008e-05      8.3800e-07 -125.620610   5.215485   1.000000 322.492744  12.166787
7.2155e-05      8.6370e-07 -119.308360   1.936226   1.000000 322.492664  12.167007
7.3266e-05      8.7700e-07 -111.754543  11.276790   1.000000 322.492851  12.167333
7.3783e-05      8.8318e-07 -118.878842  12.738529   1.000000 322.493210  12.167347
7.4271e-05      8.8902e-07 -86.724071  10.667200   1.000000 322.493279  12.166692
7.4490e-05      8.9165e-07 -80.335056   7.866838   1.000000 322.493320  12.167273
7.4711e-05      8.9429e-07 -100.377863   6.366106   1.000000 322.493410  12.167131
7.4933e-05      8.9695e-07 -137.512777   9.474318   1.000000 322.492676  12.167141
7.6196e-05      9.1207e-07 -121.532529  10.307727   1.000000 322.492968  12.166608
7.7914e-05      9.3263e-07 -104.925530   8.212530   1.000000 322.492814  12.166661
7.8052e-05      9.3428e-07 -115.824765   1.937527   1.000000 322.492635  12.166965
7.9008e-05      9.4572e-07 -127.419919   1.947337   1.000000 322.493375  12.167245
7.9086e-05      9.4666e-07 -120.543647   2.902180   1.000000 322.492628  12.167019
7.9961e-05      9.5713e-07 -94.510266   9.127478   1.000000 322.492740  12.166710
8.0525e-05      9.6389e-07 -100.393822   1.715046   1.000000 322.493278  12.167349
8.1464e-05      9.7513e-07 -97.516855   7.114068   1.000000 322.493279  12.166645
8.2434e-05      9.8673e-07 -121.737028   7.002870   1.000000 322.493427  12.167195
8.2537e-05      9.8797e-07 -110.752174   7.497024   1.000000 322.493428  12.166806
8.2809e-05      9.9123e-07 -85.621742   2.224313   1.000000 322.492641  12.166834
8.3456e-05      9.9897e-07 -107.240312  10.931675   1.000000 322.493463  12.167116
8.4527e-05      1.0118e-06 -105.992301   1.120046   1.000000 322.492723  12.166693
8.6181e-05      1.0316e-06 -123.308489  14.324450   1.000000 322.492658  12.166762
8.6271e-05      1.0327e-06 -100.204031   2.544016   1.000000 322.493326  12.167351
8.7459e-05      1.0469e-06 -105.800570   1.991847   1.000000 322.492626  12.167191
8.8315e-05      1.0571e-06 -106.383677  11.158126   1.000000 322.492656  12.167255
8.8823e-05      1.0632e-06 -108.671863   4.392257   1.000000 322.493501  12.167070
8.8919e-05      1.0644e-06 -95.722742   8.433128   1.000000 322.493461  12.167201
8.9880e-05      1.0759e-06 -77.291432   7.972935   1.000000 322.493365  12.167342
9.0019e-05      1.0775e-06 -108.807160   8.322964   1.000000 322.493128  12.166537
9.0780e-05      1.0866e-06 -135.317477   1.847961   1.000000 322.492737  12.166635
9.1116e-05      1.0907e-06 -114.113283   6.846816   1.000000 322.492588  12.167149
9.2125e-05      1.1027e-06 -123.482972   2.383055   1.000000 322.493014  12.167481
9.2447e-05      1.1066e-06 -116.494359   2.628610   1.000000 322.493285  12.167418
9.2937e-05      1.1125e-06 -131.358674   6.749520   1.000000 322.493290  12.166582
9.4888e-05      1.1358e-06 -80.856820  14.668603   1.000000 322.493452  12.166720
9.5225e-05      1.1398e-06 -111.203846   2.700202   1.000000 322.493206  12.167471
9.6192e-05      1.1514e-06 -108.374314   6.372894   1.000000 322.493536  12.166903
9.6259e-05      1.1522e-06 -125.579931   8.316410   1.000000 322.492828  12.167457
9.6454e-05      1.1546e-06 -110.546361   2.470226   1.000000 322.493531  12.166877
9.7445e-05      1.1664e-06 -138.991623   5.396246   1.000000 322.492542  12.167104
9.7601e-05      1.1683e-06 -82.881353   6.906425   1.000000 322.493022  12.167511
9.9019e-05      1.1853e-06 -108.737866   2.466920   1.000000 322.493100  12.167515
9.9637e-05      1.1927e-06 -112.190954   4.955403   1.000000 322.492584  12.167251
9.9664e-05      1.1930e-06 -90.254373  13.683766   1.000000 322.492761  12.166560
9.9985e-05      1.1968e-06 -117.306416   5.013935   1.000000 322.492867  12.166507
1.0101e-04      1.2090e-06 -127.689502   0.685872   1.000000 322.493570  12.166968
1.0227e-04      1.2242e-06 -109.009957   6.775395   1.000000 322.493577  12.167006
1.0265e-04      1.2287e-06 -111.594713   2.952032   1.000000 322.492844  12.167500
1.0274e-04      1.2298e-06 -105.033810   4.900864   1.000000 322.492544  12.167203
1.0443e-04      1.2501e-06 -120.278679   6.431214   1.000000 322.493533  12.166759
1.0463e-04      1.2525e-06 -103.222488   8.746173   1.000000 322.492847  12.166488
1.0504e-04      1.2574e-06 -95.447407   3.340315   1.000000 322.493066  12.166451
1.0751e-04      1.2869e-06 -109.527146   2.914616   1.000000 322.492480  12.166965
1.0760e-04      1.2879e-06 -117.919082   6.421751   1.000000 322.493605  12.167015
1.0843e-04      1.2980e-06 -86.145066   9.098984   1.000000 322.493552  12.166751
1.0901e-04      1.3049e-06 -110.312339   2.515416   1.000000 322.492839  12.167534
1.0916e-04      1.3066e-06 -86.011357   4.358237   1.000000 322.492578  12.167334
1.0948e-04      1.3105e-06 -160.530303   8.745655   1.000000 322.493590  12.166833
1.0999e-04      1.3165e-06 -104.293939   3.686622   1.000000 322.492466  12.167016
1.1055e-04      1.3233e-06 -102.262250  13.273220   1.000000 322.492701  12.167468
1.1109e-04      1.3298e-06 -85.560330   8.070809   1.000000 322.493342  12.167498
1.1391e-04      1.3635e-06 -117.530625   3.020571   1.000000 322.493022  12.166404
1.1496e-04      1.3761e-06 -103.828740   4.748097   1.000000 322.493160  12.167590
1.1595e-04      1.3880e-06 -129.142510  14.534276   1.000000 322.493137  12.167599
1.1655e-04      1.3951e-06 -116.333693   8.608434   1.000000 322.492494  12.167268
1.1661e-04      1.3958e-06 -125.173644  11.054763   1.000000 322.492657  12.167474
1.1685e-04      1.3988e-06 -129.252196   1.768366   1.000000 322.493571  12.167307
1.1793e-04      1.4117e-06 -142.109339   7.986734   1.000000 322.492428  12.167067
1.1798e-04      1.4123e-06 -85.695028   7.496744   1.000000 322.492507  12.167310
1.2021e-04      1.4389e-06 -114.294460   9.379673   1.000000 322.493549  12.167373
1.2110e-04      1.4495e-06 -104.843676  12.567488   1.000000 322.492449  12.166775
1.2197e-04      1.4600e-06 -115.314401   5.954024   1.000000 322.492857  12.166389
1.2199e-04      1.4602e-06 -88.946567  14.627281   1.000000 322.492455  12.166748
1.2246e-04      1.4659e-06 -113.661631   8.611400   1.000000 322.493417  12.167520
1.2279e-04      1.4698e-06 -107.692909  12.315430   1.000000 322.493143  12.167635
1.2312e-04      1.4738e-06 -118.101149   3.208302   1.000000 322.492664  12.167522
1.2319e-04      1.4746e-06 -85.916384  12.884707   1.000000 322.492602  12.166528
1.2342e-04      1.4774e-06 -115.329443  13.620345   1.000000 322.492408  12.167127
1.2363e-04      1.4799e-06 -120.766775   9.372030   1.000000 322.493154  12.167637
1.2414e-04      1.4860e-06 -143.348683   5.321926   1.000000 322.493497  12.167464
1.2432e-04      1.4882e-06 -119.443268   1.195153   1.000000 322.492403  12.166874
1.2580e-04      1.5058e-06 -67.512709   1.285379   1.000000 322.492385  12.166950
1.2589e-04      1.5069e-06 -133.145740   5.238828   1.000000 322.493694  12.167095
1.2615e-04      1.5100e-06 -131.694805   5.995397   1.000000 322.493218  12.167636
1.2655e-04      1.5148e-06 -110.340423   2.492041   1.000000 322.492830  12.167628
1.2679e-04      1.5177e-06 -94.238460   1.996237   1.000000 322.493411  12.167552
1.2763e-04      1.5277e-06 -104.890796   4.394730   1.000000 322.493334  12.167601
1.2855e-04      1.5388e-06 -125.769533   6.079133   1.000000 322.492898  12.167657
1.2943e-04      1.5493e-06 -94.188879  11.404498   1.000000 322.492509  12.167418
1.2955e-04      1.5508e-06 -109.776727   2.801806   1.000000 322.492504  12.166587
1.2978e-04      1.5535e-06 -117.647158   6.286718   1.000000 322.493035  12.166321
1.3001e-04      1.5562e-06 -108.746477   2.083334   1.000000 322.493668  12.166733
1.3047e-04      1.5617e-06 -121.899331   7.161845   1.000000 322.492775  12.166371
1.3117e-04      1.5702e-06 -98.648469  13.688210   1.000000 322.493101  12.167684
1.3262e-04      1.5874e-06 -125.911091   5.752409   1.000000 322.493725  12.166878
1.3341e-04      1.5970e-06 -122.856895   7.399978   1.000000 322.493712  12.166804
1.3343e-04      1.5971e-06 -108.950512   7.884387   1.000000 322.492653  12.166420
1.3395e-04      1.6034e-06 -103.439988  12.151171   1.000000 322.492493  12.167436
1.3460e-04      1.6111e-06 -122.179832   7.137480   1.000000 322.492460  12.167398
1.3658e-04      1.6348e-06 -116.037711   1.816312   1.000000 322.493080  12.166286
1.3837e-04      1.6562e-06 -85.722110   8.665094   1.000000 322.492347  12.167206
1.3847e-04      1.6575e-06 -115.091854   6.934638   1.000000 322.492491  12.166529
1.3950e-04      1.6698e-06 -143.875992  11.748868   1.000000 322.492531  12.167522
1.3959e-04      1.6709e-06 -89.628268  11.484782   1.000000 322.492364  12.166727
1.4055e-04      1.6824e-06 -129.344244  11.827092   1.000000 322.492339  12.166782
1.4101e-04      1.6879e-06 -130.561624  15.316654   1.000000 322.493056  12.167738
1.4305e-04      1.7123e-06 -150.127349   9.886070   1.000000 322.492637  12.167630
1.4384e-04      1.7218e-06 -95.060182   1.587617   1.000000 322.493793  12.167047
1.4401e-04      1.7238e-06 -100.167017   9.422247   1.000000 322.492872  12.166265
1.4420e-04      1.7260e-06 -93.804176   6.883424   1.000000 322.493735  12.166701
1.4520e-04      1.7380e-06 -113.201605   7.167112   1.000000 322.493557  12.167558
1.4606e-04      1.7484e-06 -119.565170   5.093649   1.000000 322.493800  12.166904
1.4614e-04      1.7493e-06 -90.750027  10.935312   1.000000 322.493187  12.167751
1.4616e-04      1.7496e-06 -94.751149   4.040088   1.000000 322.493434  12.167657
1.4619e-04      1.7499e-06 -93.210457   5.733601   1.000000 322.492312  12.166769
1.4662e-04      1.7551e-06 -130.380163   5.631520   1.000000 322.493677  12.167432
1.4670e-04      1.7560e-06 -73.528203   2.992083   1.000000 322.493079  12.167767
1.4682e-04      1.7575e-06 -105.230817   9.477404   1.000000 322.493346  12.167706
1.4771e-04      1.7681e-06 -124.069223   5.179674   1.000000 322.493772  12.167255
1.4802e-04      1.7718e-06 -85.972041  12.250370   1.000000 322.492865  12.167754
1.5011e-04      1.7969e-06 -101.924810   1.301715   1.000000 322.492497  12.166433
1.5012e-04      1.7969e-06 -110.860047  10.781475   1.000000 322.492556  12.167618
1.5068e-04      1.8037e-06 -134.359817  10.383224   1.000000 322.492349  12.166622
1.5135e-04      1.8116e-06 -129.194592   2.523784   1.000000 322.493140  12.166214
1.5145e-04      1.8129e-06 -93.391530   6.230054   1.000000 322.492281  12.167223
1.5183e-04      1.8174e-06 -108.643155  10.465573   1.000000 322.492930  12.166213
1.5281e-04      1.8291e-06 -135.360710  11.071907   1.000000 322.492510  12.166402
1.5331e-04      1.8352e-06 -106.884702   2.234881   1.000000 322.493815  12.166786
1.5439e-04      1.8481e-06 -145.982929   8.824550   1.000000 322.493046  12.167808
1.5453e-04      1.8497e-06 -107.757547   2.104849   1.000000 322.493037  12.166191
1.5489e-04      1.8540e-06 -50.263222   5.121752   1.000000 322.492819  12.167780
1.5495e-04      1.8548e-06 -71.140513  12.213382   1.000000 322.493223  12.167791
1.5592e-04      1.8664e-06 -72.711722   3.160147   1.000000 322.493291  12.167777
1.5613e-04      1.8689e-06 -108.033519   4.651302   1.000000 322.492421  12.167532
1.5679e-04      1.8768e-06 -103.189519  12.998417   1.000000 322.493797  12.167321
1.5763e-04      1.8868e-06 -93.304696   2.433582   1.000000 322.493018  12.167825
1.5767e-04      1.8873e-06 -84.778874   6.784920   1.000000 322.493052  12.167825
1.5834e-04      1.8953e-06 -112.390075  12.565589   1.000000 322.492660  12.166264
1.5840e-04      1.8960e-06 -115.012554   7.882547   1.000000 322.492872  12.166188
1.5845e-04      1.8967e-06 -93.735294  13.828272   1.000000 322.492731  12.167769
1.5849e-04      1.8971e-06 -107.938164   3.304448   1.000000 322.492212  12.166984
1.5968e-04      1.9114e-06 -122.377046   6.619834   1.000000 322.493576  12.167643
1.6078e-04      1.9245e-06 -76.804493  11.181723   1.000000 322.492954  12.166163
1.6133e-04      1.9311e-06 -61.881030  12.855526   1.000000 322.493789  12.167393
1.6172e-04      1.9359e-06 -104.629231  12.276490   1.000000 322.492617  12.167733
1.6255e-04      1.9458e-06 -96.260757  11.072785   1.000000 322.493366  12.167787
1.6258e-04      1.9461e-06 -96.975236   7.572931   1.000000 322.493234  12.167829
1.6265e-04      1.9469e-06 -89.458707   2.996003   1.000000 322.493157  12.166156
1.6382e-04      1.9609e-06 -89.676867   6.071091   1.000000 322.492217  12.166765
1.6390e-04      1.9619e-06 -80.081866  10.280710   1.000000 322.492842  12.167834
1.6394e-04      1.9623e-06 -103.421444   1.170140   1.000000 322.493889  12.167136
1.6418e-04      1.9653e-06 -102.297873   3.311145   1.000000 322.493860  12.166738
1.6464e-04      1.9708e-06 -57.605449  10.829512   1.000000 322.492712  12.167796
1.6481e-04      1.9728e-06 -94.426512  10.419363   1.000000 322.492391  12.167567
1.6500e-04      1.9750e-06 -100.816693   1.683505   1.000000 322.492578  12.166271
1.6513e-04      1.9766e-06 -90.026126  10.343381   1.000000 322.492540  12.167704
1.6548e-04      1.9807e-06 -104.262696   2.578140   1.000000 322.492368  12.167544
1.6560e-04      1.9823e-06 -89.447054   3.575274   1.000000 322.493041  12.167867
1.6561e-04      1.9824e-06 -125.889918   7.864784   1.000000 322.493856  12.166702
1.6575e-04      1.9841e-06 -111.808378   3.046671   1.000000 322.493503  12.167735
1.6585e-04      1.9853e-06 -116.490039  14.118356   1.000000 322.492279  12.166585
1.6611e-04      1.9883e-06 -80.726252   9.725429   1.000000 322.492200  12.167217
1.6751e-04      2.0051e-06 -130.186575   9.124675   1.000000 322.492724  12.167817
1.6927e-04      2.0262e-06 -90.005396   3.028637   1.000000 322.493341  12.167834
1.7024e-04      2.0378e-06 -80.796338   0.615147   1.000000 322.492157  12.167108
1.7040e-04      2.0397e-06 -92.849122   9.993394   1.000000 322.493040  12.167892
1.7213e-04      2.0604e-06 -113.947038   3.858420   1.000000 322.493778  12.167520
1.7273e-04      2.0676e-06 -91.201852  13.970730   1.000000 322.492813  12.166125
1.7374e-04      2.0796e-06 -96.935877   2.038087   1.000000 322.492157  12.166791
1.7389e-04      2.0815e-06 -117.145230   4.597241   1.000000 322.493137  12.166095
1.7566e-04      2.1026e-06 -102.321855   8.583462   1.000000 322.493791  12.167533
1.7570e-04      2.1031e-06 -102.681693   9.985156   1.000000 322.493256  12.167894
1.7669e-04      2.1150e-06 -121.956804   3.613866   1.000000 322.493944  12.167205
1.7712e-04      2.1201e-06 -106.139855   5.074645   1.000000 322.493832  12.167485
1.7719e-04      2.1210e-06 -124.226931  12.633298   1.000000 322.493459  12.167828
1.7735e-04      2.1229e-06 -102.539567  10.324221   1.000000 322.492200  12.167392
1.7754e-04      2.1252e-06 -129.107649   7.755784   1.000000 322.492982  12.167928
1.7834e-04      2.1348e-06 -141.417769  10.028878   1.000000 322.493689  12.167673
1.7870e-04      2.1390e-06 -93.046365   9.473799   1.000000 322.493960  12.166821
1.7900e-04      2.1426e-06 -100.815122   6.674167   1.000000 322.492143  12.166734
1.7935e-04      2.1468e-06 -103.883398   7.487166   1.000000 322.493024  12.167939
1.7951e-04      2.1487e-06 -84.719685   4.947514   1.000000 322.492556  12.167805
1.8146e-04      2.1721e-06 -93.204976   2.580288   1.000000 322.493992  12.167020
1.8163e-04      2.1742e-06 -95.833116   3.057930   1.000000 322.492153  12.166661
1.8201e-04      2.1787e-06 -117.830450   5.506486   1.000000 322.492432  12.166268
1.8210e-04      2.1798e-06 -118.075568   9.607375   1.000000 322.492947  12.166051
1.8244e-04      2.1838e-06 -102.974256   4.799013   1.000000 322.493846  12.167516
1.8249e-04      2.1844e-06 -87.592863  11.229303   1.000000 322.492121  12.166747
1.8290e-04      2.1894e-06 -86.603739  12.463176   1.000000 322.493602  12.167777
1.8326e-04      2.1936e-06 -92.292811   4.310249   1.000000 322.492083  12.167044
1.8366e-04      2.1985e-06 -94.253243   6.382292   1.000000 322.493438  12.167876
1.8381e-04      2.2003e-06 -95.919394  15.314067   1.000000 322.492829  12.167938
1.8451e-04      2.2085e-06 -92.365779  14.338253   1.000000 322.492438  12.167754
1.8580e-04      2.2240e-06 -123.959957   8.726162   1.000000 322.494003  12.167149
1.8662e-04      2.2339e-06 -116.838765  10.016436   1.000000 322.492815  12.166050
1.8771e-04      2.2469e-06 -101.841499   7.508395   1.000000 322.492086  12.167229
1.8790e-04      2.2492e-06 -122.397983   1.242910   1.000000 322.493277  12.167955
1.8834e-04      2.2544e-06 -103.568795  17.681064   1.000000 322.492215  12.167538
1.8836e-04      2.2547e-06 -97.352023  11.552839   1.000000 322.493891  12.167502
1.8846e-04      2.2559e-06 -105.500446   8.868711   1.000000 322.492118  12.166653
1.8950e-04      2.2683e-06 -126.601960   9.654099   1.000000 322.493720  12.167724
1.8980e-04      2.2719e-06 -84.382024   3.262331   1.000000 322.492511  12.167840
1.8989e-04      2.2730e-06 -89.079461  10.716679   1.000000 322.493627  12.167804
1.9016e-04      2.2762e-06 -107.244754   3.523204   1.000000 322.493564  12.166152
1.9033e-04      2.2783e-06 -103.501495   6.235203   1.000000 322.493188  12.167986
1.9076e-04      2.2834e-06 -134.337844   3.109969   1.000000 322.492629  12.167909
1.9112e-04      2.2877e-06 -116.032104   7.254714   1.000000 322.493998  12.166706
1.9225e-04      2.3013e-06 -113.383093   2.116588   1.000000 322.494032  12.167182
1.9240e-04      2.3031e-06 -103.413710   3.221771   1.000000 322.493932  12.167471
1.9292e-04      2.3092e-06 -100.433775  10.638919   1.000000 322.493028  12.168010
1.9315e-04      2.3121e-06 -93.151274   9.836949   1.000000 322.494047  12.167113
1.9317e-04      2.3123e-06 -129.606061   2.189583   1.000000 322.493183  12.165999
1.9427e-04      2.3254e-06 -105.609383   0.747254   1.000000 322.492051  12.167231
1.9543e-04      2.3393e-06 -91.409132   6.001124   1.000000 322.494035  12.166754
1.9591e-04      2.3451e-06 -106.418454   4.340337   1.000000 322.493465  12.167934
1.9660e-04      2.3534e-06 -102.669350  11.174660   1.000000 322.492200  12.167593
1.9718e-04      2.3602e-06 -132.343052   1.431439   1.000000 322.492685  12.167969
1.9749e-04      2.3639e-06 -114.801350   2.175349   1.000000 322.492017  12.167141
1.9877e-04      2.3793e-06 -101.539612   8.970226   1.000000 322.492001  12.166990
1.9909e-04      2.3831e-06 -95.589811  12.200713   1.000000 322.492464  12.167868
1.9940e-04      2.3869e-06 -118.573204  11.725398   1.000000 322.493725  12.167789
2.0003e-04      2.3944e-06 -89.856492   8.578080   1.000000 322.492625  12.167961
2.0012e-04      2.3954e-06 -120.647413  13.320068   1.000000 322.492919  12.165959
2.0031e-04      2.3977e-06 -125.458348   7.251677   1.000000 322.493413  12.167981
2.0053e-04      2.4003e-06 -108.737932   1.691414   1.000000 322.493097  12.168048
2.0054e-04      2.4005e-06 -106.451198   9.084683   1.000000 322.492013  12.166789
2.0057e-04      2.4008e-06 -131.318985   8.378345   1.000000 322.493178  12.165959
2.0068e-04      2.4021e-06 -117.047030   4.766919   1.000000 322.493039  12.165949
2.0095e-04      2.4054e-06 -131.247017  14.461459   1.000000 322.492191  12.167618
2.0098e-04      2.4057e-06 -117.512906   3.458453   1.000000 322.493876  12.166359
2.0139e-04      2.4107e-06 -85.955266   0.846636   1.000000 322.492393  12.166169
2.0140e-04      2.4108e-06 -103.569203   1.028233   1.000000 322.494096  12.167004
2.0145e-04      2.4114e-06 -116.227850   5.152493   1.000000 322.492947  12.168050
2.0225e-04      2.4210e-06 -108.525737   4.516507   1.000000 322.492577  12.166049
2.0269e-04      2.4262e-06 -133.934528  17.725104   1.000000 322.492842  12.168042
2.0289e-04      2.4286e-06 -114.588895  11.935205   1.000000 322.494070  12.166734
2.0476e-04      2.4509e-06 -97.790194   6.396457   1.000000 322.492550  12.166047
2.0499e-04      2.4537e-06 -114.502765   9.147240   1.000000 322.493385  12.165983
2.0499e-04      2.4537e-06 -99.535790   2.023537   1.000000 322.492004  12.166726
2.0592e-04      2.4649e-06 -117.061119   9.665954   1.000000 322.494111  12.167137
2.0637e-04      2.4702e-06 -89.931874   7.104845   1.000000 322.492142  12.166402
2.0680e-04      2.4754e-06 -120.913572   5.955256   1.000000 322.493028  12.168083
2.0802e-04      2.4900e-06 -131.922721   8.668310   1.000000 322.493846  12.166265
2.0865e-04      2.4975e-06 -102.107067   5.525743   1.000000 322.491987  12.167286
2.0903e-04      2.5021e-06 -123.313718  16.704098   1.000000 322.492197  12.167695
2.0948e-04      2.5075e-06 -109.820219  13.724714   1.000000 322.493201  12.165915
2.0957e-04      2.5085e-06 -118.436806   1.302371   1.000000 322.492067  12.166497
2.1023e-04      2.5165e-06 -91.648625   6.431308   1.000000 322.492985  12.168099
2.1044e-04      2.5190e-06 -117.878917  12.151060   1.000000 322.493707  12.166122
2.1061e-04      2.5210e-06 -101.419460  12.153514   1.000000 322.493743  12.166149
2.1094e-04      2.5249e-06 -119.801372  10.906490   1.000000 322.494129  12.166809
2.1154e-04      2.5322e-06 -87.568091   9.093602   1.000000 322.492097  12.167577
2.1173e-04      2.5344e-06 -110.633367   8.517137   1.000000 322.493550  12.167985
2.1284e-04      2.5477e-06 -132.293485  15.378624   1.000000 322.491959  12.167264
2.1308e-04      2.5506e-06 -96.134051  11.877239   1.000000 322.493201  12.168104
2.1386e-04      2.5599e-06 -116.871806  10.867089   1.000000 322.492470  12.167963
2.1449e-04      2.5674e-06 -128.658482   9.324329   1.000000 322.492275  12.167820
2.1541e-04      2.5785e-06 -127.923015   1.850851   1.000000 322.491942  12.166750
2.1547e-04      2.5792e-06 -94.290053  12.540588   1.000000 322.492687  12.165929
2.1591e-04      2.5844e-06 -106.533583  11.887112   1.000000 322.491916  12.166901
2.1608e-04      2.5865e-06 -127.273857  10.235675   1.000000 322.493937  12.167691
2.1774e-04      2.6064e-06 -105.135733  15.174733   1.000000 322.493772  12.167875
2.1830e-04      2.6131e-06 -136.298247   4.319750   1.000000 322.492491  12.165999
2.1861e-04      2.6167e-06 -113.564835   1.175424   1.000000 322.493217  12.165869
2.1890e-04      2.6203e-06 -88.947489  10.030273   1.000000 322.494182  12.166890
2.1934e-04      2.6255e-06 -103.231010  11.304871   1.000000 322.491952  12.167362
2.1950e-04      2.6274e-06 -98.616185   1.293420   1.000000 322.492045  12.166428
2.2084e-04      2.6435e-06 -118.838344   7.117667   1.000000 322.491905  12.167209
2.2097e-04      2.6450e-06 -108.918448   7.480107   1.000000 322.492172  12.167763
2.2100e-04      2.6454e-06 -116.285458  11.746466   1.000000 322.492113  12.167690
2.2119e-04      2.6476e-06 -93.770502   5.185262   1.000000 322.494012  12.167633
2.2170e-04      2.6537e-06 -50.016978  13.347927   1.000000 322.492204  12.167804
2.2244e-04      2.6627e-06 -123.477498  11.308777   1.000000 322.493013  12.165836
2.2249e-04      2.6632e-06 -124.315624   3.073523   1.000000 322.491879  12.167063
2.2359e-04      2.6764e-06 -102.193012  12.604375   1.000000 322.492175  12.167786
2.2361e-04      2.6766e-06 -113.372090  10.891046   1.000000 322.493431  12.165896
2.2468e-04      2.6894e-06 -122.018252  13.110874   1.000000 322.494006  12.167674
2.2504e-04      2.6938e-06 -97.026565   6.946631   1.000000 322.493397  12.168123
2.2579e-04      2.7028e-06 -91.381962   8.239591   1.000000 322.491880  12.166780
2.2694e-04      2.7165e-06 -113.946663   1.600789   1.000000 322.491902  12.167336
2.2726e-04      2.7204e-06 -102.566374   6.988276   1.000000 322.494229  12.167074
2.2771e-04      2.7257e-06 -132.283078   5.635377   1.000000 322.494189  12.166675
2.2772e-04      2.7259e-06 -121.813914   6.265029   1.000000 322.492699  12.165858
2.2789e-04      2.7279e-06 -129.671991   7.904423   1.000000 322.493638  12.168033
2.2789e-04      2.7279e-06 -109.766863  10.888544   1.000000 322.491935  12.167445
2.2828e-04      2.7325e-06 -104.884817   1.610771   1.000000 322.493052  12.168195
2.2842e-04      2.7342e-06 -123.788159   9.017557   1.000000 322.491851  12.167111
2.3005e-04      2.7538e-06 -118.722372   5.034288   1.000000 322.493209  12.165807
2.3013e-04      2.7547e-06 -106.496831   6.973715   1.000000 322.492079  12.167724
2.3081e-04      2.7628e-06 -56.636748   9.239669   1.000000 322.492177  12.166156
2.3091e-04      2.7639e-06 -101.015199  10.565594   1.000000 322.493844  12.167904
2.3112e-04      2.7665e-06 -94.175280  12.161926   1.000000 322.493797  12.166054
2.3112e-04      2.7665e-06 -109.056982   8.906129   1.000000 322.493716  12.165995
2.3119e-04      2.7674e-06 -114.098154   8.505858   1.000000 322.492241  12.167908
2.3164e-04      2.7727e-06 -128.800199  11.849072   1.000000 322.492806  12.165810
2.3164e-04      2.7727e-06 -91.422771   8.675011   1.000000 322.494254  12.166997
2.3216e-04      2.7790e-06 -103.388413  12.462074   1.000000 322.491921  12.167470
2.3232e-04      2.7809e-06 -68.869285   7.926803   1.000000 322.492151  12.167829
2.3237e-04      2.7815e-06 -95.216591   1.601492   1.000000 322.493794  12.167956
2.3390e-04      2.7998e-06 -100.449834  10.110595   1.000000 322.492016  12.167669
2.3413e-04      2.8025e-06 -95.189871   1.744105   1.000000 322.492095  12.167779
2.3413e-04      2.8026e-06 -106.633792   5.982495   1.000000 322.491824  12.167140
2.3440e-04      2.8058e-06 -115.041458   6.370561   1.000000 322.493912  12.167865
2.3469e-04      2.8092e-06 -107.443575   3.338576   1.000000 322.492221  12.166086
2.3480e-04      2.8105e-06 -105.292407   2.672214   1.000000 322.494173  12.167480
2.3489e-04      2.8116e-06 -110.110441   1.757848   1.000000 322.492883  12.168219
2.3490e-04      2.8117e-06 -101.408816  10.428447   1.000000 322.492974  12.168228
2.3533e-04      2.8169e-06 -92.062722   9.129438   1.000000 322.492192  12.166108
2.3538e-04      2.8176e-06 -79.349435   2.886031   1.000000 322.493002  12.168232
2.3558e-04      2.8199e-06 -90.054185  14.607989   1.000000 322.492478  12.168097
2.3647e-04      2.8305e-06 -113.638326  12.071001   1.000000 322.493560  12.168124
2.3735e-04      2.8410e-06 -110.007570   2.462209   1.000000 322.492425  12.168079
2.3764e-04      2.8446e-06 -85.195550   9.947980   1.000000 322.493896  12.167904
2.3896e-04      2.8604e-06 -103.721119   7.522168   1.000000 322.492725  12.168210
2.3919e-04      2.8631e-06 -107.891364   3.121621   1.000000 322.491793  12.166901
2.3928e-04      2.8642e-06 -95.989426  13.317764   1.000000 322.493725  12.168050
2.3981e-04      2.8706e-06 -115.242824   1.318743   1.000000 322.491854  12.167406
2.4006e-04      2.8735e-06 -60.501029  13.176972   1.000000 322.492080  12.167809
2.4099e-04      2.8846e-06 -93.630767  11.247023   1.000000 322.492451  12.168115
2.4167e-04      2.8928e-06 -93.486048  11.625322   1.000000 322.493443  12.168200
2.4188e-04      2.8953e-06 -126.679715   3.512474   1.000000 322.491780  12.167110
2.4198e-04      2.8965e-06 -143.005995  11.895436   1.000000 322.494297  12.167171
2.4223e-04      2.8995e-06 -108.422764   9.753075   1.000000 322.494245  12.167402
2.4270e-04      2.9052e-06 -118.179972   6.443147   1.000000 322.492125  12.167880
2.4404e-04      2.9212e-06 -120.030158   6.254789   1.000000 322.493747  12.165935
2.4421e-04      2.9232e-06 -109.812629   1.739621   1.000000 322.491782  12.166784
2.4434e-04      2.9247e-06 -126.079486  10.336335   1.000000 322.492008  12.167754
2.4458e-04      2.9276e-06 -92.225907   7.437026   1.000000 322.494320  12.167074
2.4493e-04      2.9318e-06 -92.584557   5.437337   1.000000 322.492101  12.166129
2.4494e-04      2.9319e-06 -96.480248   9.263673   1.000000 322.491798  12.166690
2.4586e-04      2.9429e-06 -105.628494   5.253509   1.000000 322.494279  12.167356
2.4595e-04      2.9440e-06 -122.256700  10.489340   1.000000 322.493275  12.165734
2.4614e-04      2.9463e-06 -114.805068   6.671947   1.000000 322.493687  12.168115
2.4691e-04      2.9555e-06 -88.239069  11.031340   1.000000 322.493544  12.168191
2.4786e-04      2.9669e-06 -106.059458   1.732552   1.000000 322.492262  12.168038
2.4802e-04      2.9688e-06 -115.189183   4.986284   1.000000 322.491886  12.166408
2.4838e-04      2.9731e-06 -99.513161   3.583704   1.000000 322.494170  12.167647
2.4844e-04      2.9739e-06 -74.561966  11.160945   1.000000 322.493665  12.168142
2.4850e-04      2.9746e-06 -114.989354   6.486962   1.000000 322.493493  12.168220
2.4916e-04      2.9825e-06 -139.016394   2.236878   1.000000 322.493845  12.168028
2.4923e-04      2.9833e-06 -103.442801  12.893202   1.000000 322.491764  12.167267
2.4974e-04      2.9895e-06 -103.531778   2.043690   1.000000 322.491988  12.167775
2.4993e-04      2.9917e-06 -97.305774   0.711034   1.000000 322.494220  12.167569
2.5002e-04      2.9927e-06 -126.270265   8.450712   1.000000 322.492194  12.166002
2.5063e-04      3.0001e-06 -103.516950  14.095747   1.000000 322.493069  12.168312
2.5101e-04      3.0046e-06 -114.979254   1.721262   1.000000 322.491781  12.167369
2.5186e-04      3.0147e-06 -90.476007   1.072613   1.000000 322.492769  12.168290
2.5193e-04      3.0156e-06 -140.386693  11.503613   1.000000 322.491949  12.167738
2.5203e-04      3.0168e-06 -85.059733  14.255451   1.000000 322.492534  12.168218
2.5264e-04      3.0241e-06 -86.843970  10.629969   1.000000 322.493699  12.168148
2.5321e-04      3.0309e-06 -104.929863   8.595120   1.000000 322.493499  12.165756
2.5343e-04      3.0335e-06 -118.307410  11.799857   1.000000 322.492190  12.168017
2.5413e-04      3.0419e-06 -119.599418   1.806338   1.000000 322.493125  12.165672
2.5470e-04      3.0488e-06 -114.384776   1.027301   1.000000 322.492852  12.168320
2.5494e-04      3.0516e-06 -95.634751   9.362479   1.000000 322.493649  12.168189
2.5563e-04      3.0598e-06 -109.790041   6.883906   1.000000 322.491859  12.166374
2.5614e-04      3.0660e-06 -65.500659   7.337168   1.000000 322.492059  12.166088
2.5644e-04      3.0696e-06 -114.920651  12.946986   1.000000 322.491717  12.167218
2.5687e-04      3.0747e-06 -107.446816  14.450752   1.000000 322.494345  12.167332
2.5735e-04      3.0805e-06 -111.895253   4.614444   1.000000 322.491726  12.166709
2.5768e-04      3.0844e-06 -77.320636  12.053167   1.000000 322.492258  12.165902
2.5815e-04      3.0900e-06 -107.272574  10.252224   1.000000 322.491702  12.166821
2.5916e-04      3.1021e-06 -80.050115  15.684323   1.000000 322.491724  12.167322
2.5918e-04      3.1024e-06 -123.317731   7.853640   1.000000 322.491697  12.166822
2.5927e-04      3.1034e-06 -104.457863   0.964467   1.000000 322.492050  12.166073
2.5934e-04      3.1043e-06 -97.958720   3.777707   1.000000 322.491877  12.166303
2.6060e-04      3.1194e-06 -108.121475   9.406442   1.000000 322.491748  12.167434
2.6090e-04      3.1230e-06 -119.658064   4.568856   1.000000 322.493887  12.168073
2.6129e-04      3.1276e-06 -112.714548  12.205333   1.000000 322.493550  12.168270
2.6231e-04      3.1398e-06 -129.745331   3.142392   1.000000 322.492057  12.167957
2.6231e-04      3.1398e-06 -106.872103   9.655559   1.000000 322.494415  12.167021
2.6241e-04      3.1411e-06 -104.158410   5.553455   1.000000 322.493626  12.165757
2.6275e-04      3.1451e-06 -112.826621   2.387046   1.000000 322.493166  12.165630
2.6287e-04      3.1466e-06 -94.802985   6.267869   1.000000 322.494271  12.167619
2.6369e-04      3.1564e-06 -111.551572   1.595172   1.000000 322.492874  12.165630
2.6377e-04      3.1573e-06 -105.579900  11.410348   1.000000 322.491764  12.167524
2.6616e-04      3.1860e-06 -104.874430   1.207575   1.000000 322.492193  12.165894
2.6661e-04      3.1914e-06 -102.300775   3.576505   1.000000 322.493858  12.165868
2.6777e-04      3.2052e-06 -115.122868   9.307625   1.000000 322.491750  12.166456
2.6916e-04      3.2219e-06 -116.467014   1.371668   1.000000 322.493517  12.168327
2.6972e-04      3.2285e-06 -120.920565  10.728679   1.000000 322.492097  12.165950
2.6974e-04      3.2288e-06 -99.850716   2.410213   1.000000 322.494452  12.166923
2.7014e-04      3.2335e-06 -113.026752  12.931627   1.000000 322.491959  12.167910
2.7030e-04      3.2355e-06 -102.877406   1.775773   1.000000 322.491709  12.166525
2.7073e-04      3.2406e-06 -92.622913   6.747087   1.000000 322.493789  12.168205
2.7196e-04      3.2553e-06 -126.085682   4.593203   1.000000 322.492669  12.168374
2.7200e-04      3.2558e-06 -96.406688   9.194613   1.000000 322.492727  12.168389
2.7202e-04      3.2560e-06 -133.481873   4.337064   1.000000 322.493307  12.165601
2.7213e-04      3.2574e-06 -134.710037  10.868133   1.000000 322.492520  12.168326
2.7303e-04      3.2682e-06 -96.351593   1.106366   1.000000 322.493733  12.168251
2.7333e-04      3.2718e-06 -122.235322   6.185508   1.000000 322.493086  12.168430
2.7342e-04      3.2728e-06 -117.379889   6.330188   1.000000 322.493199  12.168423
2.7401e-04      3.2799e-06 -86.382162  11.899850   1.000000 322.493660  12.168294
2.7401e-04      3.2799e-06 -97.614536   8.458679   1.000000 322.492188  12.168153
2.7462e-04      3.2872e-06 -103.074498   5.483049   1.000000 322.491609  12.166881
2.7489e-04      3.2904e-06 -111.064020  10.922708   1.000000 322.494472  12.166842
2.7591e-04      3.3027e-06 -97.912001   7.073712   1.000000 322.493564  12.165653
2.7666e-04      3.3116e-06 -76.325560  12.485135   1.000000 322.492828  12.168433
2.7673e-04      3.3125e-06 -105.423151   1.460054   1.000000 322.492961  12.165553
2.7694e-04      3.3150e-06 -100.019517   6.713680   1.000000 322.494043  12.165951
2.7712e-04      3.3171e-06 -94.592117  11.903258   1.000000 322.491610  12.167233
2.7726e-04      3.3188e-06 -97.546380   7.686307   1.000000 322.492524  12.168356
2.7836e-04      3.3320e-06 -93.412351   5.489672   1.000000 322.492290  12.168248
2.7844e-04      3.3329e-06 -101.199794   3.988884   1.000000 322.492191  12.165816
2.7969e-04      3.3479e-06 -117.683653  12.375079   1.000000 322.491587  12.167166
2.7976e-04      3.3487e-06 -98.207595  11.909715   1.000000 322.493691  12.168313
2.7980e-04      3.3492e-06 -85.083368   3.908880   1.000000 322.492120  12.168138
2.7984e-04      3.3497e-06 -100.625939   1.790805   1.000000 322.493122  12.168463
2.8010e-04      3.3528e-06 -120.673723  10.211782   1.000000 322.494019  12.165907
2.8114e-04      3.3653e-06 -83.676419   3.648520   1.000000 322.494164  12.167952
2.8151e-04      3.3697e-06 -116.201654   7.107888   1.000000 322.491574  12.167130
2.8191e-04      3.3745e-06 -86.202264  10.685451   1.000000 322.491806  12.167808
2.8197e-04      3.3752e-06 -103.273356  13.800516   1.000000 322.492352  12.165695
2.8270e-04      3.3839e-06 -97.113994   6.003429   1.000000 322.491918  12.167964
2.8322e-04      3.3902e-06 -86.998586   7.541438   1.000000 322.494373  12.167654
2.8354e-04      3.3940e-06 -96.232741   3.958799   1.000000 322.492207  12.165772
2.8389e-04      3.3982e-06 -117.804688  13.356325   1.000000 322.491632  12.166531
2.8413e-04      3.4011e-06 -102.397710  11.861121   1.000000 322.492720  12.165548
2.8414e-04      3.4011e-06 -103.875436   7.661311   1.000000 322.492451  12.168365
2.8424e-04      3.4024e-06 -109.692030   6.335331   1.000000 322.494362  12.167687
2.8452e-04      3.4057e-06 -87.941961   4.529930   1.000000 322.493792  12.168287
2.8455e-04      3.4061e-06 -78.850368   7.080938   1.000000 322.492127  12.168176
2.8502e-04      3.4117e-06 -107.869898   2.352745   1.000000 322.492534  12.165597
2.8532e-04      3.4153e-06 -120.765645  12.172465   1.000000 322.492776  12.165530
2.8552e-04      3.4177e-06 -101.588284   7.941955   1.000000 322.494536  12.167016
2.8594e-04      3.4227e-06 -120.720607  12.361464   1.000000 322.493992  12.165844
2.8629e-04      3.4268e-06 -93.087360   6.713183   1.000000 322.494517  12.166736
2.8733e-04      3.4393e-06 -100.174004   7.847395   1.000000 322.492193  12.168242
2.8733e-04      3.4394e-06 -94.626386  10.139650   1.000000 322.491732  12.166260
2.8789e-04      3.4461e-06 -109.065035  12.951447   1.000000 322.494168  12.165999
2.8805e-04      3.4480e-06 -118.519841  12.306281   1.000000 322.493983  12.168178
2.8832e-04      3.4512e-06 -77.491303   9.293981   1.000000 322.491760  12.166203
2.8893e-04      3.4586e-06 -97.727876   4.710465   1.000000 322.491841  12.166080
2.8900e-04      3.4593e-06 -112.794040   7.308373   1.000000 322.491544  12.166787
2.8936e-04      3.4637e-06 -110.325736   5.223959   1.000000 322.491654  12.167608
2.8937e-04      3.4638e-06 -94.450764  11.203168   1.000000 322.492414  12.168379
2.9014e-04      3.4729e-06 -105.528210  15.682300   1.000000 322.491797  12.167870
2.9017e-04      3.4733e-06 -82.045239   3.617409   1.000000 322.492963  12.168517
2.9035e-04      3.4755e-06 -85.599644  10.812246   1.000000 322.494553  12.167168
2.9072e-04      3.4799e-06 -102.272332   3.145905   1.000000 322.492845  12.168509
2.9115e-04      3.4850e-06 -116.780818  13.368129   1.000000 322.492495  12.168423
2.9125e-04      3.4863e-06 -120.604716   7.847848   1.000000 322.491525  12.166842
2.9163e-04      3.4908e-06 -92.988415   7.897053   1.000000 322.494452  12.167584
2.9208e-04      3.4962e-06 -100.595969   7.109010   1.000000 322.491717  12.166237
2.9278e-04      3.5046e-06 -90.704191   8.460166   1.000000 322.491772  12.167859
2.9291e-04      3.5061e-06 -104.719446   1.215233   1.000000 322.494119  12.165909
2.9315e-04      3.5090e-06 -107.006372   8.274493   1.000000 322.494520  12.167412
2.9434e-04      3.5232e-06 -89.572128  11.201579   1.000000 322.493299  12.168519
2.9442e-04      3.5243e-06 -112.650186   8.079842   1.000000 322.492321  12.168362
2.9460e-04      3.5264e-06 -103.138187  11.245447   1.000000 322.491508  12.167159
2.9460e-04      3.5264e-06 -123.336244  12.869051   1.000000 322.491500  12.167027
2.9510e-04      3.5324e-06 -127.372462   5.392069   1.000000 322.491656  12.166317
2.9575e-04      3.5402e-06 -94.677019   5.246645   1.000000 322.492245  12.165672
2.9608e-04      3.5441e-06 -101.177199  14.127183   1.000000 322.491683  12.167746
2.9630e-04      3.5467e-06 -104.806091   6.760119   1.000000 322.493743  12.165616
2.9656e-04      3.5498e-06 -97.856066   0.988872   1.000000 322.491698  12.166221
2.9667e-04      3.5512e-06 -93.984490   4.862297   1.000000 322.494055  12.165823
2.9670e-04      3.5515e-06 -109.753450   7.478517   1.000000 322.492496  12.165546
2.9672e-04      3.5517e-06 -116.789266   5.328722   1.000000 322.494104  12.165867
2.9672e-04      3.5517e-06 -97.450581   1.967753   1.000000 322.491959  12.168113
2.9674e-04      3.5520e-06 -93.503425   9.223175   1.000000 322.493094  12.168553
2.9691e-04      3.5540e-06 -110.084044   1.637800   1.000000 322.493383  12.168516
2.9708e-04      3.5560e-06 -134.022558  10.545853   1.000000 322.492334  12.168385
2.9722e-04      3.5578e-06 -112.387264   3.171610   1.000000 322.492850  12.165456
2.9729e-04      3.5585e-06 -122.521136   2.926856   1.000000 322.494435  12.167694
2.9730e-04      3.5587e-06 -123.399121  11.191022   1.000000 322.492425  12.165571
2.9794e-04      3.5664e-06 -103.908225   3.159473   1.000000 322.492180  12.165700
2.9815e-04      3.5689e-06 -66.541501  10.762707   1.000000 322.492337  12.165607
2.9849e-04      3.5729e-06 -116.872186  12.208445   1.000000 322.492185  12.168307
2.9872e-04      3.5757e-06 -128.178811  12.245161   1.000000 322.491486  12.167160
2.9874e-04      3.5760e-06 -111.536150   9.499354   1.000000 322.491481  12.167101
2.9962e-04      3.5865e-06 -106.487570   1.996040   1.000000 322.493005  12.168568
2.9969e-04      3.5873e-06 -122.270949  13.785456   1.000000 322.491727  12.167856
2.9987e-04      3.5894e-06 -125.680446   9.508721   1.000000 322.494611  12.166947
2.9991e-04      3.5899e-06 -99.080418   3.424959   1.000000 322.491502  12.166692
3.0053e-04      3.5974e-06 -95.298524   4.769821   1.000000 322.493751  12.168404
3.0095e-04      3.6023e-06 -112.721810  13.070310   1.000000 322.494088  12.168178
3.0103e-04      3.6033e-06 -97.495344   7.919239   1.000000 322.491506  12.167352
3.0144e-04      3.6083e-06 -96.969598   0.972568   1.000000 322.494619  12.167060
3.0160e-04      3.6102e-06 -128.605812  12.189927   1.000000 322.492744  12.165449
3.0161e-04      3.6103e-06 -90.605724  12.416792   1.000000 322.491617  12.167680
3.0193e-04      3.6141e-06 -90.700149   7.062570   1.000000 322.492121  12.168285
3.0213e-04      3.6165e-06 -126.216792   3.575116   1.000000 322.494506  12.167598
3.0221e-04      3.6174e-06 -78.086164  12.153775   1.000000 322.493142  12.168579
3.0237e-04      3.6193e-06 -130.918185  10.882124   1.000000 322.491498  12.166651
3.0437e-04      3.6433e-06 -94.806080   9.606600   1.000000 322.492223  12.168367
3.0503e-04      3.6512e-06 -107.023522   6.697649   1.000000 322.491470  12.167282
3.0512e-04      3.6523e-06 -123.810974   8.515226   1.000000 322.494129  12.165830
3.0515e-04      3.6527e-06 -117.671819   4.681664   1.000000 322.492485  12.168497
3.0530e-04      3.6545e-06 -108.198475   8.519256   1.000000 322.491562  12.166395
3.0550e-04      3.6568e-06 -119.707272   9.723087   1.000000 322.494622  12.166750
3.0561e-04      3.6582e-06 -114.483712   2.257154   1.000000 322.491736  12.167925
3.0613e-04      3.6643e-06 -135.236052   9.227336   1.000000 322.491574  12.166355
3.0629e-04      3.6662e-06 -96.226529   4.364249   1.000000 322.493022  12.168603
3.0642e-04      3.6679e-06 -98.925986  11.884256   1.000000 322.494568  12.167493
3.0661e-04      3.6701e-06 -112.784665   6.702111   1.000000 322.491443  12.167143
3.0762e-04      3.6822e-06 -122.839204   0.725203   1.000000 322.494598  12.167414
3.0815e-04      3.6886e-06 -105.386787   7.372369   1.000000 322.493507  12.168545
3.0846e-04      3.6923e-06 -96.140755  13.965592   1.000000 322.493309  12.165407
3.0907e-04      3.6996e-06 -132.129845  12.502018   1.000000 322.492629  12.168565
3.0911e-04      3.7001e-06 -114.587059   3.116489   1.000000 322.494377  12.166085
3.0927e-04      3.7020e-06 -115.033636   8.930981   1.000000 322.494232  12.168097
3.0933e-04      3.7027e-06 -82.809882   8.309774   1.000000 322.492345  12.168462
3.0983e-04      3.7086e-06 -81.482599   7.450499   1.000000 322.494056  12.168266
3.1030e-04      3.7143e-06 -123.307683  14.228098   1.000000 322.492947  12.168622
3.1031e-04      3.7145e-06 -88.517635   4.022411   1.000000 322.491428  12.167187
3.1082e-04      3.7205e-06 -117.327173   7.718841   1.000000 322.493644  12.168512
3.1087e-04      3.7211e-06 -108.237663  13.377367   1.000000 322.492060  12.165702
3.1087e-04      3.7211e-06 -127.100812  15.728076   1.000000 322.493047  12.165372
3.1142e-04      3.7277e-06 -104.401705   2.568479   1.000000 322.491966  12.168225
3.1147e-04      3.7283e-06 -104.751645   5.418106   1.000000 322.494520  12.166312
3.1168e-04      3.7308e-06 -120.695574   6.146636   1.000000 322.491548  12.167657
3.1178e-04      3.7320e-06 -107.925308  12.944578   1.000000 322.491444  12.167332
3.1179e-04      3.7321e-06 -127.764581   3.096673   1.000000 322.491947  12.165789
3.1184e-04      3.7328e-06 -72.139556   8.105734   1.000000 322.491649  12.166148
3.1204e-04      3.7351e-06 -123.564720   8.856630   1.000000 322.491415  12.167147
3.1289e-04      3.7453e-06 -103.035150   7.827687   1.000000 322.494661  12.167251
3.1318e-04      3.7488e-06 -99.031930   7.212462   1.000000 322.492987  12.168639
3.1327e-04      3.7498e-06 -98.199006   5.224493   1.000000 322.494514  12.167723
3.1334e-04      3.7507e-06 -115.125262   7.886225   1.000000 322.493128  12.168638
3.1348e-04      3.7524e-06 -110.895304  10.832644   1.000000 322.493423  12.168596
3.1399e-04      3.7584e-06 -93.983093  12.534248   1.000000 322.493562  12.165441
3.1402e-04      3.7588e-06 -104.096644   9.510607   1.000000 322.492251  12.168441
3.1448e-04      3.7643e-06 -120.782497  10.289806   1.000000 322.494688  12.167016
3.1483e-04      3.7686e-06 -96.233637   7.657439   1.000000 322.493731  12.168497
3.1513e-04      3.7721e-06 -130.245817   5.355040   1.000000 322.491672  12.166080
3.1581e-04      3.7802e-06 -124.727931   6.738616   1.000000 322.494629  12.167461
3.1595e-04      3.7820e-06 -99.148527   8.767910   1.000000 322.494690  12.166861
3.1640e-04      3.7873e-06 -124.652858  11.551002   1.000000 322.493840  12.168451
3.1667e-04      3.7906e-06 -109.597477   7.168751   1.000000 322.494622  12.167502
3.1686e-04      3.7929e-06 -124.488123   1.255347   1.000000 322.491403  12.167258
3.1776e-04      3.8036e-06 -81.911348   9.890236   1.000000 322.492647  12.168616
3.1800e-04      3.8065e-06 -120.936354   4.022969   1.000000 322.494106  12.168280
3.1815e-04      3.8082e-06 -109.410549   4.588023   1.000000 322.494235  12.165838
3.1829e-04      3.8100e-06 -92.888923   2.063285   1.000000 322.492260  12.165528
3.1853e-04      3.8128e-06 -99.864348   9.877519   1.000000 322.492887  12.168660
3.1872e-04      3.8151e-06 -113.774467   6.291690   1.000000 322.491744  12.165951
3.1879e-04      3.8159e-06 -133.053150   9.304642   1.000000 322.491467  12.167553
3.1889e-04      3.8172e-06 -121.965033   9.100161   1.000000 322.492767  12.168647
3.1913e-04      3.8200e-06 -95.827858   6.830556   1.000000 322.494175  12.168228
3.1943e-04      3.8236e-06 -140.889973  13.458164   1.000000 322.492573  12.168605
3.1958e-04      3.8254e-06 -99.005933  10.740090   1.000000 322.492647  12.165374
3.1960e-04      3.8256e-06 -132.672369  10.040440   1.000000 322.494279  12.165874
3.1977e-04      3.8277e-06 -92.039110   8.425816   1.000000 322.494510  12.166196
3.1983e-04      3.8283e-06 -86.463442  11.683981   1.000000 322.491702  12.168004
3.2055e-04      3.8370e-06 -117.218727   0.696684   1.000000 322.491485  12.166373
3.2100e-04      3.8424e-06 -132.844936   3.842618   1.000000 322.493565  12.168597
3.2144e-04      3.8476e-06 -116.606789   7.849579   1.000000 322.494234  12.168188
3.2162e-04      3.8498e-06 -154.035925  12.120846   1.000000 322.491366  12.167166
3.2188e-04      3.8529e-06 -106.074845  12.148841   1.000000 322.492059  12.168369
3.2198e-04      3.8541e-06 -113.008972  12.694860   1.000000 322.491401  12.167385
3.2282e-04      3.8641e-06 -117.396089  10.250822   1.000000 322.492247  12.165509
3.2331e-04      3.8701e-06 -105.932795   3.026043   1.000000 322.491726  12.165935
3.2338e-04      3.8709e-06 -144.645638   8.351848   1.000000 322.494349  12.165924
3.2342e-04      3.8714e-06 -102.542035   9.842337   1.000000 322.492296  12.168520
3.2498e-04      3.8901e-06 -93.425764   9.909637   1.000000 322.494278  12.168169
3.2555e-04      3.8968e-06 -66.862715  11.412721   1.000000 322.492177  12.165531
3.2593e-04      3.9013e-06 -132.862329  14.735794   1.000000 322.491990  12.168343
3.2607e-04      3.9031e-06 -119.524465   3.681482   1.000000 322.491348  12.166789
3.2620e-04      3.9046e-06 -101.103806   2.669109   1.000000 322.491799  12.165829
3.2632e-04      3.9061e-06 -124.529357   8.282134   1.000000 322.493031  12.168708
3.2656e-04      3.9089e-06 -116.950790   5.630465   1.000000 322.491496  12.166270
3.2702e-04      3.9145e-06 -89.690882  11.387444   1.000000 322.491747  12.168120
3.2726e-04      3.9173e-06 -106.419405   0.861580   1.000000 322.494426  12.165990
3.2791e-04      3.9251e-06 -100.876234   2.227668   1.000000 322.493683  12.168592
3.2810e-04      3.9273e-06 -117.839201   8.619486   1.000000 322.491646  12.168001
3.2826e-04      3.9292e-06 -83.768994   1.307773   1.000000 322.491349  12.167295
3.2900e-04      3.9381e-06 -117.603454   9.409131   1.000000 322.493109  12.168721
3.2982e-04      3.9479e-06 -108.737573   7.925204   1.000000 322.493427  12.165317
3.2987e-04      3.9485e-06 -102.148172   8.801611   1.000000 322.492094  12.168443
3.3022e-04      3.9528e-06 -76.052094   1.977338   1.000000 322.491354  12.167374
3.3041e-04      3.9550e-06 -109.429740  10.032864   1.000000 322.493778  12.168565
3.3104e-04      3.9626e-06 -120.370685   9.342987   1.000000 322.493973  12.168462
3.3112e-04      3.9635e-06 -118.459764   6.946326   1.000000 322.494613  12.167732
3.3175e-04      3.9710e-06 -61.556765  10.685174   1.000000 322.491924  12.165671
3.3191e-04      3.9730e-06 -107.359292  13.485500   1.000000 322.491456  12.167710
3.3200e-04      3.9740e-06 -112.967515  10.331697   1.000000 322.491640  12.165972
3.3210e-04      3.9753e-06 -176.233951  15.619214   1.000000 322.494286  12.168215
3.3226e-04      3.9771e-06 -114.839914   4.613168   1.000000 322.493427  12.168696
3.3230e-04      3.9777e-06 -105.614201   7.341135   1.000000 322.491803  12.168221
3.3249e-04      3.9799e-06 -110.487611  11.079722   1.000000 322.494782  12.166974
3.3255e-04      3.9806e-06 -123.643419  14.452887   1.000000 322.491371  12.167489
3.3258e-04      3.9810e-06 -95.473018   4.308869   1.000000 322.494556  12.167859
3.3277e-04      3.9833e-06 -121.866136   5.697460   1.000000 322.493680  12.168621
3.3323e-04      3.9888e-06 -109.087073   9.343700   1.000000 322.494689  12.167575
3.3358e-04      3.9930e-06 -69.073682  13.886113   1.000000 322.494271  12.168240
3.3425e-04      4.0010e-06 -105.886835   4.580451   1.000000 322.491297  12.166866
3.3485e-04      4.0082e-06 -119.998010   0.699349   1.000000 322.494321  12.165801
3.3491e-04      4.0089e-06 -86.564179   1.321653   1.000000 322.493163  12.168749
3.3496e-04      4.0095e-06 -99.481413   9.839430   1.000000 322.491288  12.166978
3.3600e-04      4.0219e-06 -136.897280  12.172397   1.000000 322.491297  12.166778
3.3696e-04      4.0334e-06 -115.806186   4.206107   1.000000 322.491658  12.168094
3.3745e-04      4.0393e-06 -87.667068  15.408822   1.000000 322.492892  12.168760
3.3836e-04      4.0502e-06 -98.563581   5.322205   1.000000 322.492234  12.168576
3.3984e-04      4.0679e-06 -101.347565   7.949804   1.000000 322.493218  12.168770
3.4034e-04      4.0738e-06 -120.381511   9.957525   1.000000 322.494765  12.167451
3.4048e-04      4.0756e-06 -107.724617   4.738479   1.000000 322.494268  12.168293
3.4096e-04      4.0813e-06 -99.276100   2.165320   1.000000 322.491588  12.165964
3.4135e-04      4.0860e-06 -108.397294   8.040624   1.000000 322.491701  12.168182
3.4178e-04      4.0911e-06 -89.488961  14.340147   1.000000 322.493829  12.165393
3.4211e-04      4.0951e-06 -106.677527   5.356460   1.000000 322.494762  12.167499
3.4217e-04      4.0957e-06 -95.242362   1.659057   1.000000 322.491443  12.167808
3.4279e-04      4.1032e-06 -108.615652   8.710972   1.000000 322.494137  12.168421
3.4318e-04      4.1078e-06 -106.219716   9.108835   1.000000 322.491491  12.167907
3.4370e-04      4.1141e-06 -140.598446  14.117848   1.000000 322.492121  12.165454
3.4383e-04      4.1157e-06 -107.451220   8.827587   1.000000 322.492736  12.168774
3.4403e-04      4.1181e-06 -111.679533   0.847132   1.000000 322.491636  12.165874
3.4429e-04      4.1212e-06 -93.172956   3.060227   1.000000 322.493513  12.165260
3.4444e-04      4.1229e-06 -116.347265   4.976335   1.000000 322.492924  12.168799
3.4448e-04      4.1234e-06 -100.608873   5.284466   1.000000 322.491762  12.168271
3.4470e-04      4.1261e-06 -124.918608   9.705621   1.000000 322.491248  12.167197
3.4544e-04      4.1349e-06 -108.115672   6.983851   1.000000 322.494465  12.165884
3.4689e-04      4.1522e-06 -104.381745   1.332751   1.000000 322.493876  12.168613
3.4767e-04      4.1616e-06 -120.470282   1.787660   1.000000 322.492615  12.165230
3.4789e-04      4.1642e-06 -96.844816   5.689014   1.000000 322.491384  12.166245
3.4797e-04      4.1652e-06 -105.101306   0.770019   1.000000 322.491254  12.166651
3.4799e-04      4.1654e-06 -111.169005  15.558117   1.000000 322.491231  12.167199
3.4945e-04      4.1829e-06 -114.647544  11.835575   1.000000 322.493383  12.165203
3.4987e-04      4.1880e-06 -122.929084  14.992998   1.000000 322.491295  12.167552
3.4999e-04      4.1894e-06 -128.952839   6.605461   1.000000 322.491479  12.167957
3.5015e-04      4.1913e-06 -110.228147  13.437505   1.000000 322.494316  12.168317
3.5027e-04      4.1928e-06 -102.382117  14.635477   1.000000 322.494732  12.166288
3.5116e-04      4.2034e-06 -125.321065   7.342092   1.000000 322.494814  12.167488
3.5117e-04      4.2035e-06 -114.395635   6.721014   1.000000 322.491305  12.167604
3.5132e-04      4.2053e-06 -104.549988   2.004755   1.000000 322.494799  12.167542
3.5137e-04      4.2060e-06 -102.307850  18.261675   1.000000 322.491209  12.167153
3.5208e-04      4.2144e-06 -101.839859   1.697886   1.000000 322.494880  12.166859
3.5250e-04      4.2195e-06 -109.369015   4.858501   1.000000 322.492034  12.168546
3.5279e-04      4.2229e-06 -116.510197   6.476497   1.000000 322.494331  12.165677
3.5298e-04      4.2252e-06 -85.519085  10.969471   1.000000 322.491366  12.167778
3.5309e-04      4.2265e-06 -127.561734   1.417303   1.000000 322.492487  12.168763
3.5336e-04      4.2297e-06 -106.111191   5.790504   1.000000 322.494290  12.165635
3.5355e-04      4.2320e-06 -138.631039  10.337906   1.000000 322.494498  12.165858
3.5403e-04      4.2378e-06 -98.854196   6.525232   1.000000 322.494385  12.168277
3.5406e-04      4.2381e-06 -105.028905   3.679665   1.000000 322.491343  12.167743
3.5413e-04      4.2389e-06 -99.890392  11.397786   1.000000 322.492389  12.168735
3.5436e-04      4.2417e-06 -130.039602   1.764581   1.000000 322.491202  12.166758
3.5446e-04      4.2429e-06 -84.999218   2.951727   1.000000 322.491384  12.167833
3.5448e-04      4.2432e-06 -109.337485   9.002274   1.000000 322.491279  12.166418
3.5463e-04      4.2450e-06 -134.321647  12.186451   1.000000 322.494416  12.165752
3.5542e-04      4.2544e-06 -79.109102  11.363981   1.000000 322.494889  12.167225
3.5775e-04      4.2823e-06 -79.163628   9.562188   1.000000 322.494184  12.168485
3.5821e-04      4.2878e-06 -99.554173   5.090184   1.000000 322.494447  12.165758
3.5864e-04      4.2930e-06 -104.232442   7.432917   1.000000 322.492464  12.168786
3.5871e-04      4.2938e-06 -96.148174   5.010171   1.000000 322.491810  12.168418
3.5989e-04      4.3079e-06 -119.264509   1.074231   1.000000 322.491666  12.168288
3.5990e-04      4.3080e-06 -121.762260   1.626656   1.000000 322.494585  12.165919
3.6096e-04      4.3206e-06 -78.482968  12.799346   1.000000 322.492130  12.165345
3.6150e-04      4.3271e-06 -110.587810   4.301668   1.000000 322.491807  12.165566
3.6159e-04      4.3283e-06 -118.141943   7.165568   1.000000 322.491606  12.165767
3.6163e-04      4.3287e-06 -96.544780   7.597291   1.000000 322.493896  12.168689
3.6167e-04      4.3292e-06 -104.522775   3.897553   1.000000 322.491590  12.168215
3.6221e-04      4.3357e-06 -102.100384   5.192507   1.000000 322.492260  12.165272
3.6225e-04      4.3362e-06 -154.826156   1.659982   1.000000 322.492328  12.168757
3.6271e-04      4.3417e-06 -94.020010   1.076496   1.000000 322.494634  12.165965
3.6397e-04      4.3567e-06 -75.348381   6.544955   1.000000 322.491688  12.168341
3.6431e-04      4.3608e-06 -106.554206   6.796230   1.000000 322.494341  12.168396
3.6469e-04      4.3653e-06 -110.233255   9.065605   1.000000 322.493397  12.165124
3.6476e-04      4.3662e-06 -82.167669   8.117596   1.000000 322.491150  12.167261
3.6478e-04      4.3665e-06 -71.146923   6.174348   1.000000 322.494657  12.165981
3.6574e-04      4.3779e-06 -104.304523   7.679167   1.000000 322.491170  12.167405
3.6636e-04      4.3854e-06 -116.977400   7.171405   1.000000 322.491508  12.165849
3.6645e-04      4.3864e-06 -112.291003   6.407841   1.000000 322.493060  12.165082
3.6691e-04      4.3919e-06 -149.291439  12.652602   1.000000 322.492139  12.165304
3.6724e-04      4.3959e-06 -112.362443   9.019726   1.000000 322.494421  12.165661
3.6739e-04      4.3977e-06 -99.762445   7.181148   1.000000 322.492353  12.168796
3.6777e-04      4.4022e-06 -131.464748   5.638002   1.000000 322.492886  12.165081
3.6798e-04      4.4048e-06 -113.515462   9.378473   1.000000 322.494211  12.168531
3.6802e-04      4.4052e-06 -117.814706   2.143315   1.000000 322.494685  12.168005
3.6832e-04      4.4088e-06 -93.676978   2.425415   1.000000 322.491208  12.166404
3.6878e-04      4.4144e-06 -134.264402   3.369370   1.000000 322.494107  12.165390
3.6952e-04      4.4232e-06 -113.916155   5.662064   1.000000 322.492396  12.165176
3.6994e-04      4.4282e-06 -87.595111   5.206916   1.000000 322.492540  12.165129
3.7004e-04      4.4294e-06 -108.178617   1.555392   1.000000 322.493353  12.165088
3.7025e-04      4.4319e-06 -109.388712  11.530772   1.000000 322.491619  12.168317
3.7167e-04      4.4489e-06 -114.919374   6.485199   1.000000 322.491702  12.168411
3.7214e-04      4.4545e-06 -117.529175   9.124434   1.000000 322.494602  12.168167
3.7256e-04      4.4596e-06 -106.053133   6.668916   1.000000 322.491595  12.165692
3.7298e-04      4.4646e-06 -89.725915  11.074756   1.000000 322.491091  12.166921
3.7299e-04      4.4647e-06 -79.058430   6.030910   1.000000 322.491096  12.166831
3.7348e-04      4.4706e-06 -114.022271   1.918835   1.000000 322.494511  12.165710
3.7392e-04      4.4758e-06 -109.017619   5.529007   1.000000 322.491639  12.165635
3.7434e-04      4.4808e-06 -85.637398  10.942820   1.000000 322.491114  12.167353
3.7464e-04      4.4844e-06 -107.401337   2.646648   1.000000 322.494606  12.165816
3.7504e-04      4.4893e-06 -112.100923   1.020866   1.000000 322.492814  12.165050
3.7562e-04      4.4961e-06 -97.147491   3.432494   1.000000 322.491631  12.168370
3.7572e-04      4.4974e-06 -98.812540  10.639789   1.000000 322.491091  12.167252
3.7648e-04      4.5065e-06 -118.838559   2.102431   1.000000 322.491117  12.166574
3.7771e-04      4.5212e-06 -102.826049  13.227698   1.000000 322.494710  12.168061
3.7819e-04      4.5269e-06 -103.475412   2.822767   1.000000 322.493980  12.168743
3.7925e-04      4.5396e-06 -61.644596   1.424393   1.000000 322.494871  12.167771
3.7959e-04      4.5437e-06 -123.198426  14.752179   1.000000 322.494588  12.168248
3.7970e-04      4.5450e-06 -92.454071   1.154305   1.000000 322.491626  12.168395
3.7974e-04      4.5455e-06 -97.410314   5.055936   1.000000 322.491757  12.168518
3.8002e-04      4.5488e-06 -103.643329   3.512099   1.000000 322.492078  12.168740
3.8004e-04      4.5491e-06 -118.199486  10.122488   1.000000 322.491118  12.167508
3.8021e-04      4.5511e-06 -157.075138   1.000745   1.000000 322.491286  12.167937
3.8040e-04      4.5534e-06 -138.826484   7.922739   1.000000 322.492253  12.168829
3.8051e-04      4.5547e-06 -96.139056   1.539924   1.000000 322.491465  12.165782
3.8348e-04      4.5903e-06 -103.979770   6.650335   1.000000 322.491546  12.168339
3.8359e-04      4.5916e-06 -89.613633   2.559273   1.000000 322.491607  12.168405
3.8369e-04      4.5928e-06 -91.718013   2.031534   1.000000 322.492177  12.165187
3.8377e-04      4.5937e-06 -83.721102   8.817284   1.000000 322.491168  12.166275
3.8426e-04      4.5995e-06 -120.561602   7.370310   1.000000 322.491649  12.165549
3.8502e-04      4.6087e-06 -110.773470   2.887863   1.000000 322.491959  12.165299
3.8534e-04      4.6125e-06 -112.799833   5.197681   1.000000 322.491546  12.165646
3.8535e-04      4.6127e-06 -105.482059   6.671096   1.000000 322.491464  12.168257
3.8555e-04      4.6150e-06 -111.125733   8.168688   1.000000 322.491221  12.166128
3.8639e-04      4.6251e-06 -100.744862   8.582943   1.000000 322.492537  12.165041
3.8719e-04      4.6347e-06 -116.941900  11.966270   1.000000 322.494041  12.168764
3.8805e-04      4.6449e-06 -99.216115   6.505565   1.000000 322.491725  12.168547
3.8926e-04      4.6595e-06 -106.819510   6.802727   1.000000 322.491664  12.168502
3.8956e-04      4.6631e-06 -128.339664   5.578564   1.000000 322.491317  12.168088
3.9010e-04      4.6695e-06 -112.168417   7.431176   1.000000 322.494771  12.168086
3.9060e-04      4.6755e-06 -113.354636  13.254653   1.000000 322.491635  12.165516
3.9190e-04      4.6911e-06 -107.597766   9.368146   1.000000 322.494639  12.168287
3.9255e-04      4.6988e-06 -86.271529  10.474204   1.000000 322.491271  12.168042
3.9276e-04      4.7014e-06 -109.060219  11.215519   1.000000 322.492509  12.165014
3.9620e-04      4.7425e-06 -102.746888  10.321404   1.000000 322.494948  12.167817
3.9761e-04      4.7594e-06 -74.328002  11.639656   1.000000 322.491298  12.165862
3.9774e-04      4.7610e-06 -91.964275  14.023015   1.000000 322.491248  12.168057
3.9888e-04      4.7746e-06 -114.128656   2.241332   1.000000 322.492891  12.164917
3.9949e-04      4.7819e-06 -91.029365   7.110251   1.000000 322.491666  12.168576
3.9969e-04      4.7843e-06 -130.172668   3.231755   1.000000 322.491215  12.165980
4.0000e-04      4.7880e-06 -144.652289  10.469865   1.000000 322.491732  12.165366
4.0035e-04      4.7923e-06 -141.832045   8.510030   1.000000 322.492694  12.164933
4.0067e-04      4.7960e-06 -108.433426   4.558438   1.000000 322.494320  12.165337
4.0225e-04      4.8149e-06 -96.406400   6.685244   1.000000 322.491634  12.168566
4.0283e-04      4.8219e-06 -92.341560  12.323353   1.000000 322.491749  12.165334
4.0411e-04      4.8372e-06 -92.253839  16.841668   1.000000 322.491909  12.168787
4.0515e-04      4.8497e-06 -114.414788  13.057916   1.000000 322.492099  12.165100
4.0561e-04      4.8552e-06 -112.662421  15.134818   1.000000 322.491255  12.168147
4.0625e-04      4.8628e-06 -100.429261   8.616696   1.000000 322.491718  12.165335
4.0628e-04      4.8632e-06 -102.947448   0.913341   1.000000 322.494664  12.168375
4.0662e-04      4.8673e-06 -111.521178   2.541670   1.000000 322.494766  12.168248
4.0738e-04      4.8764e-06 -98.980081   6.749049   1.000000 322.494377  12.165337
4.0759e-04      4.8789e-06 -94.027986  13.326969   1.000000 322.493578  12.164935
4.0821e-04      4.8863e-06 -121.245391   2.681004   1.000000 322.491164  12.168020
4.0875e-04      4.8928e-06 -88.907066  10.739498   1.000000 322.494620  12.168446
4.1219e-04      4.9340e-06 -134.810501   2.694827   1.000000 322.493121  12.164843
4.1324e-04      4.9465e-06 -100.460206   1.580861   1.000000 322.494741  12.168339
4.1356e-04      4.9503e-06 -111.225477  11.130747   1.000000 322.491796  12.165229
4.1440e-04      4.9604e-06 -107.726192   4.537017   1.000000 322.491420  12.168441
4.1476e-04      4.9647e-06 -159.093996  10.462521   1.000000 322.491077  12.166074
4.1677e-04      4.9888e-06 -89.084586   3.490406   1.000000 322.494096  12.165089
4.1698e-04      4.9913e-06 -75.083519  11.699672   1.000000 322.494942  12.168074
4.1999e-04      5.0273e-06 -116.053680   7.391397   1.000000 322.493071  12.164801
4.2084e-04      5.0374e-06 -88.501579   8.680478   1.000000 322.491504  12.168578
4.2274e-04      5.0603e-06 -114.359170   8.178404   1.000000 322.494829  12.168305
4.2310e-04      5.0646e-06 -114.626933   6.865501   1.000000 322.494570  12.168604
4.2445e-04      5.0807e-06 -130.574883  12.772504   1.000000 322.491697  12.168769
4.2589e-04      5.0979e-06 -106.381755  16.878030   1.000000 322.491155  12.168188
4.2604e-04      5.0997e-06 -105.704098   1.286432   1.000000 322.493598  12.164840
4.2671e-04      5.1077e-06 -116.321038   2.972848   1.000000 322.492663  12.164798
4.2735e-04      5.1154e-06 -108.574504   2.761449   1.000000 322.494823  12.168354
4.2881e-04      5.1328e-06 -122.723230   8.014299   1.000000 322.491650  12.168762
4.2912e-04      5.1366e-06 -115.546192   9.783246   1.000000 322.491696  12.165201
4.3008e-04      5.1481e-06 -107.611497  13.800664   1.000000 322.491382  12.165478
4.3170e-04      5.1675e-06 -89.955804   3.058582   1.000000 322.494483  12.168741
4.3172e-04      5.1677e-06 -92.508331  14.752026   1.000000 322.491220  12.165662
4.3308e-04      5.1839e-06 -98.176895   8.484551   1.000000 322.491083  12.165857
4.3479e-04      5.2045e-06 -113.739494   8.318280   1.000000 322.494439  12.165203
4.3519e-04      5.2093e-06 -131.995334   2.623216   1.000000 322.494831  12.168410
4.3741e-04      5.2358e-06 -125.493070   3.643398   1.000000 322.491433  12.165370
4.3769e-04      5.2392e-06 -111.545738  11.589430   1.000000 322.491167  12.168318
4.3790e-04      5.2417e-06 -103.810892   4.970508   1.000000 322.491511  12.165293
4.4031e-04      5.2706e-06 -105.812079   1.474503   1.000000 322.494590  12.168708
4.4191e-04      5.2897e-06 -140.012384  16.045295   1.000000 322.491590  12.168801
4.4198e-04      5.2906e-06 -103.996887   9.390102   1.000000 322.494509  12.168789
4.4642e-04      5.3436e-06 -100.506706   3.488442   1.000000 322.494546  12.165211
4.4837e-04      5.3670e-06 -116.697932   5.982968   1.000000 322.494591  12.168763
4.5220e-04      5.4129e-06 -91.228667  11.038828   1.000000 322.491152  12.168426
4.5370e-04      5.4308e-06 -100.760528   6.561164   1.000000 322.494020  12.164835
4.5476e-04      5.4435e-06 -98.013318   5.872670   1.000000 322.491073  12.168339
4.5792e-04      5.4813e-06 -114.645343  11.515676   1.000000 322.493987  12.164797
4.5930e-04      5.4979e-06 -116.246413  11.463730   1.000000 322.492820  12.164606
4.6147e-04      5.5238e-06 -94.520281   5.410499   1.000000 322.494323  12.164952
4.6179e-04      5.5277e-06 -116.170538   6.921122   1.000000 322.493369  12.164605
4.6211e-04      5.5315e-06 -118.248130  11.883044   1.000000 322.492673  12.164609
4.6223e-04      5.5329e-06 -89.465505  10.563502   1.000000 322.492617  12.164618
4.6282e-04      5.5400e-06 -122.376829   2.623589   1.000000 322.491382  12.168765
4.6424e-04      5.5570e-06 -115.859808   3.513284   1.000000 322.494610  12.165143
4.6450e-04      5.5601e-06 -110.229073   2.916807   1.000000 322.493801  12.164690
4.6472e-04      5.5627e-06 -99.320798   3.162833   1.000000 322.491364  12.165238
4.6537e-04      5.5705e-06 -107.525571  12.532108   1.000000 322.491232  12.165369
4.6786e-04      5.6003e-06 -107.608763  10.181188   1.000000 322.491383  12.168803
4.7036e-04      5.6302e-06 -113.118859   8.116687   1.000000 322.491133  12.168556
4.7055e-04      5.6324e-06 -118.616899   2.816858   1.000000 322.493353  12.164556
4.7144e-04      5.6431e-06 -117.105154  12.192633   1.000000 322.493336  12.164549
4.7486e-04      5.6841e-06 -103.448228  11.788003   1.000000 322.492853  12.164521
4.7527e-04      5.6890e-06 -106.088156   5.383335   1.000000 322.494707  12.168849
4.7732e-04      5.7136e-06 -92.114978  12.685005   1.000000 322.491371  12.168858
4.7888e-04      5.7322e-06 -139.381942   8.190073   1.000000 322.491289  12.168793
4.7932e-04      5.7375e-06 -132.809052  11.526385   1.000000 322.491140  12.168638
4.8151e-04      5.7637e-06 -141.110434  11.752597   1.000000 322.493266  12.164489
4.9721e-04      5.9516e-06 -108.499444  11.524525   1.000000 322.494507  12.164849
4.9796e-04      5.9606e-06 -98.175367  12.748535   1.000000 322.494106  12.164620
5.0119e-04      5.9993e-06 -109.924164   8.938928   1.000000 322.491013  12.168664
5.0232e-04      6.0128e-06 -123.609221   9.087593   1.000000 322.493234  12.164377
5.0511e-04      6.0461e-06 -123.253804  11.874236   1.000000 322.494195  12.164620
5.0785e-04      6.0789e-06 -113.080998   1.616941   1.000000 322.493190  12.164345
5.0802e-04      6.0810e-06 -94.171137   0.970254   1.000000 322.494069  12.164547
5.0934e-04      6.0968e-06 -120.761101   3.829759   1.000000 322.492936  12.164335
5.1308e-04      6.1416e-06 -105.903307  11.147108   1.000000 322.493469  12.164348
5.1505e-04      6.1651e-06 -120.313400  12.632796   1.000000 322.493195  12.164308
5.1545e-04      6.1700e-06 -120.794834   9.421335   1.000000 322.494336  12.164632
5.1842e-04      6.2054e-06 -110.802213   6.199705   1.000000 322.491071  12.168866
5.3218e-04      6.3703e-06 -77.002294   8.184134   1.000000 322.492839  12.164221
5.3287e-04      6.3785e-06 -97.070702   3.498184   1.000000 322.494500  12.164621
5.3700e-04      6.4279e-06 -108.278585   4.193741   1.000000 322.492889  12.164193
5.3721e-04      6.4304e-06 -131.764554  16.201157   1.000000 322.494226  12.164449
5.4896e-04      6.5710e-06 -119.463194  12.357781   1.000000 322.493839  12.164239
5.5546e-04      6.6488e-06 -109.556346   2.166582   1.000000 322.494246  12.164353
5.5946e-04      6.6968e-06 -116.881919   6.498529   1.000000 322.494208  12.164313
5.6272e-04      6.7358e-06 -106.597847   3.064802   1.000000 322.493775  12.164147
5.8895e-04      7.0497e-06 -118.928945   2.873617   1.000000 322.494539  12.164304
